0.930304
1.639618
1.912475
2.062296
2.420273
2.679815
3.445587
3.626297
3.949998
4.387791
5.581388
5.932671
6.098201
6.803093
7.284744
7.428923
8.631488
10.662489
11.493426
12.655668
12.841306
13.495661
14.641179
15.217160
15.536625
15.589695
15.874427
16.346370
17.567357
19.267052
19.591148
20.593538
20.744423
21.561872
21.959683
21.966753
22.602709
22.857143
23.728185
24.279726
24.280297
24.620490
25.631464
25.771262
25.967935
26.989861
27.095880
27.514979
27.651288
29.365165
30.029708
30.033901
30.053188
30.088646
30.223675
30.229449
30.269515
30.330820
30.370462
30.454688
30.493545
30.659533
30.705747
30.750037
30.779476
30.824828
30.849127
30.891987
30.909135
30.919633
30.929968
30.977405
31.030857
31.063220
31.067926
31.138785
31.243471
31.371916
31.464320
31.578544
31.706795
31.745687
31.770508
31.831595
31.847718
31.931185
32.025870
32.138578
32.183134
32.332686
32.376025
32.405968
32.459944
32.739349
32.863759
32.942590
32.946888
32.994326
33.027646
33.077379
33.170620
33.184542
33.250286
33.256515
33.268967
33.348103
33.368316
33.452934
33.458236
33.466148
33.525960
33.528274
33.570924
33.691330
33.729530
33.786594
33.787947
33.838340
33.884953
33.927849
33.952663
33.975775
34.172685
34.174539
34.175632
34.337882
34.348109
34.354722
34.366545
34.447204
34.585410
34.586563
34.614286
34.619637
34.634687
34.647163
34.699217
34.720779
34.730721
34.765743
34.767752
34.773071
34.995203
35.006320
35.028522
35.094285
35.185394
35.310741
35.320023
35.375857
35.545741
35.548731
35.605113
35.698466
35.719418
35.733848
35.779263
35.808461
35.818068
35.849966
35.876340
35.918435
35.953960
35.972618
35.994710
36.085614
36.100060
36.141177
36.141803
36.209460
36.229928
36.232266
36.248753
36.262483
36.415502
36.437212
36.454188
36.476440
36.623224
36.673446
36.721967
36.784839
36.809391
36.836149
36.888759
36.888835
36.899514
36.919868
36.933551
36.984274
37.008067
37.112208
37.154192
37.180949
37.206679
37.267184
37.294267
37.348532
37.350927
37.380398
37.395402
37.403982
37.441475
37.474875
37.516084
37.586508
37.694162
37.728281
37.746984
37.778435
37.861221
37.965200
38.048876
38.059289
38.431944
38.482076
38.486434
38.551084
38.767542
38.793235
38.849975
38.868978
38.880988
38.944160
38.944278
39.030783
39.068358
39.073503
39.079833
39.132219
39.235656
39.252080
39.444100
39.449378
39.545564
39.570831
39.575073
39.591133
39.621296
39.699889
39.798683
39.805843
39.842632
39.895235
39.916548
40.019281
40.035596
40.036533
40.038609
40.095737
40.136599
40.283005
40.422391
40.542706
40.544852
40.613994
40.674413
40.727677
40.789978
40.906481
40.957584
40.980880
41.019482
41.031132
41.075362
41.075809
41.083995
41.104274
41.182217
41.245598
41.266242
41.314692
41.316796
41.325744
41.526375
41.543466
41.568575
41.608333
41.625698
41.658208
41.671911
41.674384
41.684281
41.721298
41.724973
41.750779
41.770693
41.797476
41.802711
41.922368
41.954491
42.046386
42.233351
42.254405
42.287013
42.347144
42.374947
42.392917
42.459272
42.571676
42.697769
42.747043
42.770589
42.954161
43.005089
43.008494
43.012917
43.082206
43.085361
43.085755
43.110783
43.147378
43.177138
43.210670
43.254630
43.311493
43.338992
43.361961
43.585054
43.600171
43.675223
43.703436
43.725635
43.728934
43.828535
43.889069
44.005726
44.035765
44.092258
44.098588
44.123959
44.135570
44.137721
44.285509
44.297670
44.305582
44.316612
44.340355
44.379881
44.388086
44.612189
44.815884
44.823916
44.849952
44.906913
45.114000
45.528913
45.593794
45.708800
45.823874
46.008685
46.046291
46.203128
46.244276
46.313585
46.861116
47.243235
47.527302
47.533320
47.560087
47.609570
47.865112
48.172990
48.318748
48.529800
48.804026
48.815470
48.830210
49.168836
49.175539
49.218040
49.224954
49.227521
49.537122
49.604016
49.633212
49.660067
49.837960
50.414776
50.531975
50.917567
51.033903
51.176072
51.365236
51.637789
51.874153
52.650802
52.879840
53.273529
53.311996
53.439765
53.591904
53.883063
53.992762
54.253698
54.335690
54.482828
54.800484
55.067114
55.245444
55.245484
55.278960
55.396786
55.445727
55.457040
55.784586
56.261882
56.321997
56.409392
56.686214
56.696927
56.867659
56.890357
56.946757
57.242025
57.251546
57.257645
57.347821
57.460645
57.792336
58.002832
58.189409
58.216765
58.936838
59.025099
59.182792
59.264271
59.272300
59.378393
59.405748
59.411249
59.571377
59.737070
59.755613
59.888381
59.959326
60.039919
60.289583
60.401912
60.757072
60.914058
61.018989
61.185742
61.254457
61.276583
61.467812
61.629972
61.888946
61.911603
62.316263
62.583955
62.998548
63.341867
63.532297
63.809306
63.931290
64.187856
64.222796
64.476760
64.574765
64.810285
64.911590
65.171348
65.184403
65.192014
65.645764
65.756740
66.142299
66.625047
66.808072
66.949431
66.989984
67.006341
67.291581
67.657609
67.909507
68.109339
68.200159
68.260874
68.280943
68.373455
68.512579
68.939645
69.397153
69.486693
69.504107
69.751844
69.972729
69.977926
70.076574
70.269856
70.274956
70.694422
71.240517
71.454199
71.467831
71.479985
71.554172
71.559142
71.630396
71.632065
72.242428
72.527311
72.539498
72.912665
72.951526
72.989718
73.176405
73.640548
73.662458
73.663660
73.740436
73.744596
73.899343
74.226050
74.260553
74.280423
74.350803
74.883866
74.907107
75.473237
75.548203
75.655079
75.712780
76.173886
76.702821
76.871216
76.905116
77.730946
77.748985
77.893906
77.922252
78.302186
78.787659
79.059598
79.122871
79.169234
79.403554
79.460884
79.551610
79.559504
79.583143
79.586603
79.600124
79.612796
79.703650
79.837023
80.062099
80.087680
80.179098
80.347974
80.362698
80.460773
80.537582
81.033348
81.043281
81.130832
81.220825
81.437928
81.502369
81.540393
81.598254
81.704346
82.204532
82.469894
82.523945
82.660088
82.854320
83.118979
83.217461
83.302259
83.545504
83.639693
83.687187
83.787874
84.248921
84.274557
84.378008
84.547039
84.657084
84.695035
84.695342
84.895445
85.056156
85.057457
85.116560
85.360519
85.525743
85.657062
85.685373
85.889569
85.995833
86.184793
86.422708
86.466781
86.706025
86.760797
87.450149
87.471612
87.830235
87.837133
87.886548
88.011009
88.156235
88.240330
88.258266
88.306794
88.362333
88.596901
88.995970
89.146784
89.152800
89.414692
89.475478
89.544703
89.670605
89.718341
90.139250
90.169016
90.258325
90.315334
90.437605
90.579817
90.744242
90.870568
90.958734
91.126525
91.212613
91.463873
91.722541
91.780153
91.857637
92.022810
92.051289
92.250310
92.330367
92.479399
92.504446
92.688346
92.761187
92.867840
92.957228
93.065166
93.262907
93.326754
93.502705
93.513057
93.572547
93.800433
93.809404
93.971170
93.975483
94.081778
94.447467
94.449160
94.573876
94.585338
94.921710
95.114928
95.340697
95.524974
95.526048
95.533056
95.694705
97.038594
97.382716
97.583203
97.799645
97.842490
98.074619
98.131214
98.149788
98.252762
98.319557
98.350262
98.441542
98.820706
98.915940
99.014761
99.220401
99.344181
99.367242
99.769295
99.867163
100.126746
100.208822
100.482867
100.565123
100.606567
100.642967
101.111965
101.259160
101.267673
101.349604
101.394040
101.408782
101.443236
101.453016
101.622402
101.654136
101.811404
101.969414
102.172834
102.292448
102.348226
102.698108
102.770695
102.872867
103.039424
103.160412
103.682790
104.198597
104.641236
105.094445
105.239410
105.351700
105.554666
105.595100
105.646612
105.654078
105.683705
105.684352
105.861540
105.886756
106.144250
106.334418
106.922642
107.006814
107.430694
107.531460
107.600587
107.618581
107.975939
108.239892
108.304889
108.406278
108.471821
108.476696
108.484257
108.560921
108.600122
108.724025
108.758690
108.796219
108.982349
109.204066
109.266450
109.594129
109.643110
109.713360
109.921104
109.928692
110.382172
110.394687
110.497672
110.712597
110.720702
110.996618
111.639646
111.742502
111.763452
111.777617
111.794942
112.036617
112.125693
112.545060
112.641887
112.655267
112.748060
112.982359
113.277038
113.283729
113.316884
113.429112
113.451956
113.793400
114.247584
114.311763
114.406871
114.542589
114.598619
114.728431
114.765869
114.824517
114.921685
115.076357
115.204395
115.254802
115.298750
115.319815
115.574838
115.592195
115.812207
115.859882
115.915691
116.137711
116.317327
116.543076
116.663774
116.990387
117.012032
117.184731
117.205704
117.428484
117.502580
117.689842
117.892451
118.072551
118.114294
118.411394
118.457164
118.578852
118.765992
118.810335
118.975374
119.031714
119.063046
119.339615
119.473860
119.540081
119.686834
119.691102
119.714279
119.798193
